[[-2.4354, -2.8889],
        [ 2.0540,  0.4658],
        [ 2.8030,  1.2941],
        [-0.4549,  2.4015],
        [ 2.0348, -2.6330],
        [-2.4919,  1.3457],
        [-2.1558, -2.8732],
        [-2.8743,  0.3429],
        [-0.9727, -1.7387],
        [-0.8703, -2.4613],
        [ 0.6461,  0.5410],
        [-0.6375,  2.4979],
        [-1.7346,  1.1343],
        [-1.7895,  2.3217],
        [ 2.6807,  1.9103],
        [-0.8681,  0.1636],
        [ 1.6254,  1.2201],
        [ 1.7717,  2.9912],
        [ 1.5621,  2.6646],
        [-2.9427,  0.5422],
        [-2.6601, -1.3433],
        [-0.6635, -0.8232],
        [-1.9743,  2.3455],
        [ 0.9464, -2.7420],
        [ 1.8391,  0.3520],
        [ 0.8807,  1.9896],
        [-0.5824,  2.4645],
        [ 1.1728,  2.7897],
        [-1.2244, -2.3176],
        [-1.1213, -0.5253],
        [ 0.9286, -1.4128],
        [ 0.6197, -0.9109],
        [ 0.8422,  0.7572],
        [ 1.4821, -1.1142],
        [-1.9091,  0.2502],
        [ 0.8384,  0.9724],
        [ 2.2489, -2.0871],
        [ 2.5484,  1.4105],
        [ 1.0762, -1.8473],
        [-0.7928,  1.6063],
        [-0.4500, -0.7455],
        [ 0.5858,  0.0528],
        [ 1.0381, -0.0802],
        [ 2.6525,  1.6602],
        [ 2.4724,  2.0074],
        [ 0.0567,  0.2851],
        [-2.6498,  0.9252],
        [ 0.4351,  0.0356],
        [-0.1257,  2.7983],
        [-0.4273, -2.3028],
        [ 2.7987, -2.0200],
        [-1.3816,  2.4610],
        [ 0.7961,  2.8883],
        [ 1.6643,  0.6889],
        [ 1.3529, -2.4324],
        [-0.3177,  0.7672],
        [-1.8304, -1.7746],
        [-1.6138,  0.9609],
        [-2.3900,  2.2482],
        [ 0.7788, -1.9517],
        [-1.4860,  0.3083],
        [ 0.1149,  2.7259],
        [ 2.2496, -0.6559],
        [-2.1240, -1.2863],
        [-0.7071,  0.6820],
        [ 2.9963,  0.6671],
        [ 0.7131, -0.1611],
        [ 2.9698,  1.2538],
        [ 1.0497, -1.1209],
        [ 1.7455, -1.6367],
        [-0.9051,  0.3422],
        [-0.9154, -2.9033],
        [ 1.7001,  0.6987],
        [-0.9071,  0.2795],
        [ 1.3225, -0.2115],
        [ 1.4009,  1.1078],
        [-1.0859, -0.1601],
        [ 0.1852, -2.0288],
        [ 0.0400, -0.2833],
        [ 1.7806, -1.0727],
        [ 1.5751, -0.3390],
        [ 0.2751,  0.0090],
        [ 0.1126, -0.6832],
        [ 0.3208, -0.7135],
        [-2.2319,  2.7013],
        [ 2.3822, -0.7468],
        [-2.6748, -0.2824],
        [-1.8460, -0.5553],
        [ 0.7204,  0.0742],
        [ 1.6697,  1.6804],
        [-1.4100,  1.1026],
        [ 2.2043,  2.4116],
        [-2.4998, -0.7462],
        [ 0.2723, -1.7600],
        [-1.4139, -1.7724],
        [ 1.0806, -2.1320],
        [-2.8655,  2.6362],
        [ 1.1835,  0.9343],
        [-1.6924,  1.7218],
        [ 2.1781,  0.1434]]